32 78
1 3 1
1 11 1
1 6 1
2 15 1
2 19 1
2 23 1
3 25 1
3 24 1
3 21 1
4 26 1
4 28 1
4 5 1
5 10 1
5 2 1
5 20 1
6 25 1
6 24 1
6 21 1
7 26 1
7 28 1
7 5 1
8 26 1
8 28 1
8 5 1
9 17 1
9 13 1
9 12 1
10 15 1
10 19 1
10 23 1
11 24 1
11 21 1
12 7 1
12 4 1
12 8 1
13 7 1
13 4 1
13 8 1
15 14 1
15 18 1
16 3 1
16 11 1
16 6 1
17 7 1
17 4 1
17 8 1
19 14 1
19 29 1
19 18 1
20 15 1
20 19 1
20 23 1
21 22 1
21 30 1
21 9 1
22 17 1
22 13 1
22 12 1
23 14 1
23 29 1
23 18 1
24 22 1
24 30 1
24 9 1
25 22 1
25 30 1
26 10 1
26 2 1
26 20 1
27 3 1
27 11 1
27 6 1
28 10 1
28 2 1
28 20 1
30 17 1
30 13 1
30 12 1
2 1 2 1 1 1 2 1 1 2 1 2 1 1 2 2 1 1 1 1 1 1 1 1 1 1 2 1 1 2 
0 0

_____________________________________________________________
Output:

17
1 3 25 30 12 7 26 10 15 14 

Task	EC	LC	Slack
1	2	2	0
2	13	14	1
3	4	4	0
4	10	11	1
5	12	12	0
6	3	4	1
7	11	11	0
8	10	11	1
9	6	7	1
10	14	14	0
11	3	4	1
12	9	9	0
13	8	9	1
14	17	17	0
15	16	16	0
16	2	2	0
17	8	9	1
18	17	17	0
19	15	16	1
20	13	14	1
21	5	5	0
22	6	7	1
23	15	16	1
24	5	5	0
25	5	5	0
26	12	12	0
27	2	2	0
28	12	12	0
29	16	17	1
30	7	7	0

17
54
1 3 25 30 12 7 26 10 15 14 
1 3 25 30 12 7 26 10 15 18 
1 3 25 30 12 7 28 10 15 14 
1 3 25 30 12 7 28 10 15 18 
1 3 25 30 12 7 5 10 15 14 
1 3 25 30 12 7 5 10 15 18 
1 3 24 30 12 7 26 10 15 14 
1 3 24 30 12 7 26 10 15 18 
1 3 24 30 12 7 28 10 15 14 
1 3 24 30 12 7 28 10 15 18 
1 3 24 30 12 7 5 10 15 14 
1 3 24 30 12 7 5 10 15 18 
1 3 21 30 12 7 26 10 15 14 
1 3 21 30 12 7 26 10 15 18 
1 3 21 30 12 7 28 10 15 14 
1 3 21 30 12 7 28 10 15 18 
1 3 21 30 12 7 5 10 15 14 
1 3 21 30 12 7 5 10 15 18 
16 3 25 30 12 7 26 10 15 14 
16 3 25 30 12 7 26 10 15 18 
16 3 25 30 12 7 28 10 15 14 
16 3 25 30 12 7 28 10 15 18 
16 3 25 30 12 7 5 10 15 14 
16 3 25 30 12 7 5 10 15 18 
16 3 24 30 12 7 26 10 15 14 
16 3 24 30 12 7 26 10 15 18 
16 3 24 30 12 7 28 10 15 14 
16 3 24 30 12 7 28 10 15 18 
16 3 24 30 12 7 5 10 15 14 
16 3 24 30 12 7 5 10 15 18 
16 3 21 30 12 7 26 10 15 14 
16 3 21 30 12 7 26 10 15 18 
16 3 21 30 12 7 28 10 15 14 
16 3 21 30 12 7 28 10 15 18 
16 3 21 30 12 7 5 10 15 14 
16 3 21 30 12 7 5 10 15 18 
27 3 25 30 12 7 26 10 15 14 
27 3 25 30 12 7 26 10 15 18 
27 3 25 30 12 7 28 10 15 14 
27 3 25 30 12 7 28 10 15 18 
27 3 25 30 12 7 5 10 15 14 
27 3 25 30 12 7 5 10 15 18 
27 3 24 30 12 7 26 10 15 14 
27 3 24 30 12 7 26 10 15 18 
27 3 24 30 12 7 28 10 15 14 
27 3 24 30 12 7 28 10 15 18 
27 3 24 30 12 7 5 10 15 14 
27 3 24 30 12 7 5 10 15 18 
27 3 21 30 12 7 26 10 15 14 
27 3 21 30 12 7 26 10 15 18 
27 3 21 30 12 7 28 10 15 14 
27 3 21 30 12 7 28 10 15 18 
27 3 21 30 12 7 5 10 15 14 
27 3 21 30 12 7 5 10 15 18 